#Province IDs changed
james_bay=
	{
		location=2572
		outgoing=
		{
			name="north_atlantic"
			path=
			{
				2574 2575 2571 2570 2568 2868 2583 2650
			}
			control=
			{
				1579.000000 2015.000000 1647.000000 2034.000000 1744.000000 1998.000000 1800.000000 1980.000000 1982.000000 1927.000000 2053.000000 1849.000000 2144.000000 1803.000000 2273.000000 1663.000000 2551.000000 1558.000000 
			}
		}
		members=
		{
			1 2 2151 2152 2153 2156 2157 2158 2159 2189 2217 2268 2269 2270 2271 2272 2273 2282 2283 2284 2285 2286 2287 2288 2289 2290 2291 2292 2293 2294 2295 2296 2297 2298 2572 2925 2926 2928 
		}
	}
australia=
	{
		location=2498
		outgoing=
		{
			name="malacca"
			path=
			{
				2497 2493 2496 2495 2487 2443 2444 2446 2447
			}
			control=
			{
				5196.000000 344.000000 5110.000000 434.000000 5040.000000 484.000000 4964.000000 499.000000 4864.000000 548.000000 4703.000000 536.000000 4567.000000 575.000000 
			}
		}
		outgoing=
		{
			name="cape_of_good_hope"
			path=
			{
				2497 2493 2496 2495 2487 2443 2444 2446 2447
			}
			control=
			{
				5201.000000 233.000000 5115.390137 69.830002 4981.000000 74.000000 4843.000000 155.000000 4674.000000 109.000000 4413.000000 129.000000 4033.000000 168.000000 3772.000000 158.000000 3486.000000 97.000000 
			}
		}
		members=
		{
			1917 1918 1919 1920 1921 1922 1923 1924 1925 1926 1927 1928 1929 1930 1931 1932 1933 1934 1935 1936 1939 1940 1941 1942 1943 1944 1945 1946 1947 1948 2498 2908 2909 3970
		}
	}
mississippi_river=
	{
		location=2593
		outgoing=
		{
			name="carribean_trade"
			path=
			{
				2592 2598 2604 2602
			}
			control=
			{
				1463.000000 1297.000000 1486.000000 1246.000000 1482.000000 1217.000000 1555.000000 1202.000000 1595.000000 1185.000000 
			}
		}
		outgoing=
		{
			name="chesapeake_bay"
			path=
			{
				2592 2591 2589 2588 2587 2586
			}
			control=
			{
				1502.000000 1323.000000 1533.000000 1270.000000 1567.000000 1281.000000 1564.000000 1379.000000 1634.000000 1454.000000 1651.000000 1495.000000 
			}
		}
		members=
		{
			2154 2155 2160 2161 2162 2163 2164 2165 2166 2167 2168 2169 2170 2171 2172 2173 2177 2178 2179 2180 2181 2182 2183 2184 2185 2186 2187 2188 2190 2191 2192 2193 2194 2195 2196 2198 2199 2200 2201 2202 2593 
		}
	}
nippon=
	{
		location=2462
		color= { 63 20 177 }
		outgoing=
		{
			name="hangzhou"
			path=
			{
				2475 2459 
			}
			control=
			{
				4812.000000 1195.000000 4774.000000 1167.000000 4729.000000 1156.000000 4701.000000 1150.000000 
			}
		}
		outgoing=
		{
			name="mexico"
			path=
			{
				2474 2878 2472 2526 2527 2528 2753 2754 2769 2771 2767 2768 2770 2773 2641 2640 2638 2637
			}
			control=
			{
				4883.000000 1259.000000 4945.000000 1346.000000 5002.000000 1429.000000 5077.000000 1420.000000 5159.000000 1480.000000 5213.000000 1496.000000 5272.000000 1551.000000 5368.000000 1586.000000 5533.000000 1612.000000 5681.259766 1659.859985 5808.290039 1683.290039 334.000000 1797.000000 554.000000 1774.000000 661.000000 1606.000000 752.000000 1407.000000 937.000000 1375.000000 1027.000000 1241.000000 1152.000000 1160.000000 
			}
		}
		members=
		{
			945 946 947 948 949 950 951 952 953 954 955 956 957 958 959 960 961 962 963 964 965 966 967 968 969 970 971 972 973 974 975 976 977 978 979 980 981 982 983 984 985 986 987 988 989 990 991 992 1016 1017 1018 1019 1020 1021 1022 1023 1024 1025 1026 1027 1028 1029 1937 1938 2462 3959 3960 3961 3962 3963 3964 3965 3966 3967 3968
		}
	}
california=
	{
		location=2145
		outgoing=
		{
			name="mexico"
			path=
			{
				2642 2641 2640 2638 2637
			}
			control=
			{
				849.000000 1492.000000 937.000000 1375.000000 1027.000000 1241.000000 1152.000000 1160.000000 
			}
		}
		members=
		{
			1950 1951 2138 2139 2140 2141 2142 2143 2144 2145 2146 2147 2148 2149 2150 2299 2300 2301 2302 2303 2304 2305 2306 2923 2924 2927 
		}
	}
canton=
	{
		location=1120
		outgoing=
		{
			name="malacca"
			path=
			{
				2480 2453 2449 2447
			}
			control=
			{
				4611.000000 901.000000 4555.000000 789.000000 4506.000000 706.000000 4481.000000 673.000000 
			}
		}
		outgoing=
		{
			name="hangzhou"
			path=
			{
				2458 2459
			}
			control=
			{
				4640.000000 1012.000000 4686.000000 1065.000000 4717.000000 1125.000000 4715.000000 1146.000000 
			}
		}
		members=
		{
			1079 1080 1101 1102 1103 1104 1105 1106 1107 1108 1109 1110 1111 1112 1113 1114 1115 1116 1117 1118 1119 1120 1121 1122 1123 1124 1125 1126 1127 1128 1129 1130 1131 1132 1133 1172 1173 1315 1316 1317 1318 1319 1320 1321 1322 1323 1324 1325 1326 1327 2917 
		}
	}
beijing=
	{
		location=1030
		outgoing=
		{
			name="silk_road"
			path=
			{
				1053 1481 
			}
			control=
			{
				4661.000000 1287.000000 4628.000000 1262.000000 4594.000000 1234.000000 4551.000000 1234.000000 4502.000000 1220.000000 4462.000000 1226.000000 4435.000000 1238.000000 4415.000000 1281.000000 4340.000000 1317.000000 4237.000000 1326.000000 4185.000000 1326.000000 4142.000000 1334.000000 4117.000000 1327.000000 4070.000000 1313.000000 4049.000000 1328.000000 3984.000000 1320.000000 3882.000000 1314.000000 3820.000000 1331.000000 3761.000000 1293.000000 3672.000000 1282.000000 
			}
		}
		outgoing=
		{
			name="hangzhou"
			path=
			{
				2461 2460 2459
			}
			control=
			{
				4667.000000 1314.000000 4698.000000 1292.000000 4726.000000 1271.000000 4715.000000 1172.000000 4708.000000 1154.000000 
			}
		}
		members=
		{
			871 878 879 880 881 883 884 885 886 887 888 889 890 891 892 893 894 895 896 897 898 899 900 901 902 903 904 905 915 916 917 918 919 920 921 922 923 924 925 926 927 928 929 930 931 932 933 934 935 936 937 938 939 940 941 942 943 944 994 995 996 997 998 999 1000 1001 1002 1003 1004 1005 1006 1007 1008 1009 1010 1011 1012 1013 1014 1015 1030 1031 1032 1033 1034 1035 1036 2921 2922 
		}
	}
hangzhou=
	{
		location=1088
		outgoing=
		{
			name="silk_road"
			path=
			{
				1053 1481 
			}
			control=
			{
				4711.000000 1164.000000 4667.000000 1185.000000 4644.000000 1162.000000 4616.000000 1140.000000 4593.000000 1156.000000 4570.000000 1138.000000 4537.000000 1160.000000 4502.000000 1160.000000 4489.000000 1142.000000 4471.000000 1137.000000 4456.000000 1186.000000 4438.000000 1211.000000 4415.000000 1281.000000 4340.000000 1317.000000 4237.000000 1326.000000 4185.000000 1326.000000 4142.000000 1334.000000 4117.000000 1327.000000 4070.000000 1313.000000 4049.000000 1328.000000 3984.000000 1320.000000 3882.000000 1314.000000 3820.000000 1331.000000 3761.000000 1293.000000 3672.000000 1282.000000 
			}
		}
		outgoing=
		{
			name="malacca"
			path=
			{
				2459 2478 2479 2481 2453 2448 2447
			}
			control=
			{
				4728.000000 1146.000000 4731.000000 1100.000000 4702.000000 1005.000000 4677.000000 943.000000 4651.000000 849.000000 4619.000000 797.000000 4530.000000 734.000000 4491.000000 683.000000 4469.000000 666.000000 
			}
		}
		members=
		{
			993 1037 1038 1039 1040 1041 1042 1043 1044 1045 1046 1047 1048 1049 1050 1051 1052 1053 1054 1055 1056 1057 1058 1059 1060 1061 1062 1063 1064 1065 1066 1067 1068 1069 1070 1071 1072 1073 1074 1075 1076 1077 1078 1081 1082 1083 1084 1085 1086 1087 1088 1089 1090 1091 1092 1093 1094 1095 1096 1097 1098 1099 1100 
		}
	}
gulf_of_siam=
	{
		location=2451
		color=
		{
84 152 93 		}
		outgoing=
		{
			name="malacca"
			path=
			{
				2450 2448 2447
			}
			control=
			{
				4403.000000 767.000000 4428.000000 724.000000 4444.000000 669.000000 
			}
		}
		members=
		{
			1134 1135 1136 1137 1138 1139 1140 1141 1142 1143 1144 1145 1146 1147 1148 1149 1150 1151 1152 1153 1154 1155 1156 1157 1160 1161 1162 1163 1164 1165 1166 1167 1168 1169 1170 1171 1198 1199 1200 1202 2451 
		}
	}
malacca=
	{
		location=2447
		color=
		{
155 15 249 		}
		outgoing=
		{
			name="ganges_delta"
			path=
			{
				2434 2433 2431 2430 2429
			}
			control=
			{
				4354.000000 720.000000 4311.000000 813.000000 4279.000000 878.000000 4242.000000 943.000000 
			}
		}
		outgoing=
		{
			name="indian_ocean"
			path=
			{
				2434 2435 2699 2700 2705 2701 
			}
			control=
			{
				4366.000000 704.000000 4320.000000 745.000000 4271.000000 768.000000 4170.000000 765.000000 4114.000000 749.000000 4054.000000 731.000000 3989.000000 743.000000 3940.000000 767.000000 
			}
		}
		outgoing=
		{
			name="peru"
			path=
			{
				2449 2454 2484 2485 2486 2489 2490 2491 2518 2516 2517 2812 2814 2811 2825 2799 2796 2790 2789 2630
			}
			control=
			{
				4477.000000 655.000000 4616.000000 765.000000 4715.000000 741.000000 4755.000000 693.000000 4816.000000 697.000000 4924.000000 671.000000 5045.000000 629.000000 5108.000000 625.000000 5176.000000 610.000000 5327.000000 517.000000 5377.000000 465.000000 5615.000000 409.000000 5777.680176 355.850006 5974.729980 348.989990 550.000000 347.000000 648.000000 326.000000 1068.000000 338.000000 1580.000000 456.000000 1622.000000 554.000000 
			}
		}
		members=
		{
			1201 1203 1204 1205 1206 1207 1208 1209 1210 1211 1212 1213 1214 1215 1216 1217 1218 1219 1220 1221 1223 1224 1225 1226 1227 1228 1229 1230 1231 1232 1233 1234 1235 1236 1237 1238 1239 1240 1241 1242 1243 1244 1245 1246 1247 1248 1249 1250 1251 1252 1253 1254 1255 1256 1257 1258 1259 1260 1261 1262 1263 1264 1265 1266 1267 1268 1269 1270 1271 1272 1273 1274 1275 1276 1277 1278 1279 1280 1281 1282 1283 1284 1285 1286 1287 1288 1289 1290 1291 1292 1293 1294 1295 1296 1297 1298 1299 1300 1301 1302 1303 1304 1305 1306 1307 1308 1309 1310 1311 1312 1313 1314 2447 2910 2911 
		}
	}
mexico=
	{
		location=2637
		outgoing=
		{
			name="carribean_trade"
			path=
			{
				2098 2105 2596 2597 2598 2604 2602
			}
			control=
			{
				1311.000000 1122.000000 1337.000000 1182.000000 1423.000000 1230.000000 1471.000000 1216.000000 1555.000000 1202.000000 1595.000000 1185.000000 
			}
		}
		outgoing=
		{
			name="panama"
			path=
			{
				2636 2635 2634 2066
			}
			control=
			{
				1287.000000 1087.000000 1382.000000 1072.000000 1451.000000 1020.000000 1501.000000 986.000000 1557.000000 966.000000 1565.000000 988.000000 
			}
		}
		members=
		{
			2082 2084 2085 2086 2087 2088 2089 2090 2092 2093 2094 2095 2096 2097 2098 2099 2100 2101 2102 2103 2104 2105 2106 2107 2108 2109 2110 2111 2112 2113 2114 2115 2116 2117 2118 2119 2120 2121 2122 2123 2124 2125 2126 2127 2128 2129 2130 2131 2132 2133 2134 2135 2136 2137 2174 2175 2176 2637 
		}
	}
ganges_delta=
	{
		location=2429
		color=
		{
210 106 47 		}
		outgoing=
		{
			name="comorin_cape"
			path=
			{
				2428 2427 2426
			}
			control=
			{
				4149.000000 952.000000 4118.000000 917.000000 4066.000000 846.000000 4053.000000 809.000000 4036.000000 777.000000 
			}
		}
		outgoing=
		{
			name="indian_ocean"
			path=
			{
				2428 2427 2698 2700 2705 2701
			}
			control=
			{
				4149.000000 952.000000 4118.000000 917.000000 4084.000000 858.000000 4090.000000 754.000000 4054.000000 731.000000 3989.110107 742.590027 3940.000000 767.000000 
			}
		}
		members=
		{
			1158 1159 1174 1175 1176 1177 1178 1179 1180 1181 1182 1183 1184 1185 1186 1187 1188 1189 1190 1191 1192 1193 1194 1195 1196 1197 1222 1329 1330 1331 1332 1333 1334 1335 1336 1337 1338 1339 1340 1341 1342 1343 1344 1345 1346 1347 1348 1349 1350 1351 1352 1353 1354 1398 1399 1408 1410 1470 1471 1472 1473 1474 1475 1476 1477 2429 2912 2913 
		}
	}
kabul=
	{
		location=1488
		color= { 29 124 255 }
		inland=yes
		outgoing=
		{
			name="silk_road"
			path=
			{
				1503
			}
			control=
			{
				3849.000000 1214.000000 3820.000000 1214.000000 3780.000000 1209.000000 3760.000000 1219.000000 3761.000000 1238.000000 3742.000000 1243.000000 3736.000000 1250.000000 3725.000000 1256.000000 3714.000000 1269.000000 3689.000000 1280.000000 3672.000000 1282.000000 
			}
		}
		outgoing=
		{
			name="indus"
			path=
			{
				1444
			}
			control=
			{
				3887.000000 1216.000000 3894.000000 1210.000000 3898.000000 1214.000000 3913.000000 1209.000000 3921.000000 1215.000000 3933.000000 1213.000000 3918.000000 1195.000000 3918.000000 1186.000000 3909.000000 1163.000000 3906.000000 1126.000000 3865.000000 1089.000000 3872.000000 1069.000000 
			}
		}
		members=
		{
			1328 1446 1447 1448 1449 1450 1451 1452 1453 1454 1455 1456 1457 1458 1459 1460 1461 1479 1484 1485 1486 1487 1488 1489 1490 1491 1492 1493 1495 1501 1502 1503 1505 2914 2915 2916 
		}
	}
silk_road=
	{
		location=1521
		color= { 204 119 31 }
		inland=yes
		outgoing=
		{
			name="basra"
			path=
			{
				1531 1565 
			}
			control=
			{
				3606.000000 1262.000000 3583.000000 1277.000000 3576.000000 1262.000000 3571.000000 1269.000000 3561.000000 1270.000000 3557.000000 1276.000000 3552.000000 1275.000000 3552.000000 1268.000000 3549.000000 1265.000000 3552.000000 1261.000000 3544.000000 1257.000000 3513.000000 1255.000000 3495.000000 1244.000000 3484.000000 1237.000000 3491.000000 1218.000000 3498.000000 1214.000000 3501.000000 1198.000000 3519.000000 1188.000000 3535.000000 1185.000000 3548.000000 1160.000000 3564.000000 1141.000000 
			}
		}
		outgoing=
		{
			name="chaldia"
			path=
			{
				1539 639
			}
			control=
			{
				3576.000000 1312.000000 3565.000000 1327.000000 3547.000000 1331.000000 3536.000000 1341.000000 3521.000000 1343.000000 3499.000000 1356.000000 3467.000000 1363.000000 3455.000000 1349.000000 3444.000000 1344.000000 
			}
		}
		outgoing=
		{
			name="astrakhan"
			path=
			{
				2412 764
			}
			control=
			{
				3608.000000 1333.709961 3575.000000 1398.000000 3568.000000 1436.000000 
			}
		}
		members=
		{
			815 816 817 818 819 820 821 822 823 824 825 828 833 854 855 856 857 858 859 860 861 862 863 864 865 866 867 868 869 870 1478 1480 1481 1482 1483 1504 1510 1513 1516 1517 1518 1519 1520 1521 1522 1523 1524 1525 1532 1533 1535 1538 2918 2919 
		}
	}
comorin_cape=
	{
		location=2426
		outgoing=
		{
			name="gulf_of_aden"
			path=
			{
				2425 2424 2538 2419 2418 2417
			}
			control=
			{
				3968.000000 789.000000 3930.000000 856.000000 3900.000000 937.000000 3795.000000 969.000000 3751.000000 957.000000 
			}
		}
		outgoing=
		{
			name="indus"
			path=
			{
				2425 2424 2423
			}
			control=
			{
				3968.000000 789.000000 3930.000000 856.000000 3918.000000 904.000000 3909.000000 927.000000 3882.000000 988.000000 3862.000000 1018.000000 
			}
		}
		outgoing=
		{
			name="indian_ocean"
			path=
			{
				2701
			}
			control=
			{
				3967.000000 760.000000 
			}
		}
		members=
		{
			1355 1356 1357 1358 1359 1360 1361 1362 1363 1364 1365 1366 1367 1368 1369 1370 1371 1372 1373 1374 1375 1376 1377 1378 1379 1380 1381 1382 1383 1384 1385 1386 1387 1388 1389 1390 1391 1392 1394 1395 1396 1397 1401 2426 
		}
	}
indus=
	{
		location=1443
		color= { 150 180 35 }
		outgoing=
		{
			name="gulf_of_aden"
			path=
			{
				2422 2419 2418 2417
			}
			control=
			{
				3832.000000 1020.000000 3773.000000 976.000000 3684.000000 915.000000 
			}
		}
		outgoing=
		{
			name="basra"
			path=
			{
				2422 2420 2421
			}
			control=
			{
				3760.000000 1040.000000 3706.000000 1058.000000 3683.000000 1083.000000 3631.000000 1064.000000 3574.000000 1126.000000 
			}
		}
		outgoing=
		{
			name="indian_ocean"
			path=
			{
				2423 2538 2701
			}
			control=
			{
				3849.000000 1002.000000 3873.000000 912.000000 
			}
		}
		members=
		{
			1393 1400 1402 1403 1404 1405 1406 1407 1409 1411 1412 1413 1414 1415 1416 1417 1418 1419 1420 1421 1422 1423 1424 1425 1426 1427 1428 1429 1430 1431 1432 1433 1434 1435 1436 1437 1438 1439 1440 1441 1442 1443 1444 1445 1462 1463 1464 1465 1466 1467 1468 1469 1494 1496 1497 1498 1499 1500 1506 1507 
		}
	}
gulf_of_aden=
	{
		location=2417
		color= { 233 155 81 }
		outgoing=
		{
			name="indian_ocean"
			path=
			{
				2537 2701
			}
			control=
			{
				3653.000000 840.000000 
			}
		}
		outgoing=
		{
			name="nile_river"
			path=
			{
				2416 2414
			}
			control=
			{
				3519.000000 841.000000 3465.000000 874.500000 3370.000000 1051.000000 3322.000000 1119.000000 3316.000000 1131.000000 3303.000000 1141.000000 3284.000000 1143.000000 
			}
		}
		outgoing=
		{
			name="basra"
			path=
			{
				2418 2419 2420 2421
			}
			control=
			{
				3647.000000 906.000000 3698.620117 940.919983 3746.000000 998.000000 3724.000000 1038.000000 3704.000000 1054.000000 3683.000000 1083.000000 3631.000000 1064.000000 3574.000000 1126.000000 
			}
		}
		members=
		{
			1566 1567 1568 1569 1570 1571 1572 1573 1574 1575 1576 1577 1578 1579 1580 1581 1582 1583 1584 1585 1586 1587 1588 1589 1590 1591 1592 1593 1594 1595 1596 1597 1598 1599 1600 1601 1602 1603 1699 1700 1702 1703 1704 1705 1706 1707 1708 1709 1710 1711 1712 1713 1714 1715 1716 1717 1718 1719 1720 1721 1722 1723 1724 1725 1726 1727 1728 1729 1730 1731 1732 1733 1734 1735 1736 1737 1738 1739 2417 2906 2907 
		}
	}
indian_ocean=
	{
		location=2701
		outgoing=
		{
			name="north_atlantic"
			path=
			{
				2716 2546 2555
			}
			control=
			{
				3700.000000 568.000000 3546.000000 452.000000 3488.000000 391.000000 3431.000000 321.000000 3340.000000 200.000000 3261.000000 109.000000 3214.000000 85.000000 3123.000000 69.000000 3092.000000 78.000000 3038.000000 152.000000 2929.000000 304.000000 2766.000000 549.000000 2623.000000 662.000000 2530.000000 848.000000 2505.000000 936.000000 2508.000000 1104.000000 2549.000000 1178.000000 2607.000000 1246.000000 2619.000000 1308.000000 2626.000000 1371.000000 2643.000000 1457.000000 
			}
		}
		outgoing=
		{
			name="azores"
			path=
			{
				2546 2555
			}
			control=
			{
				3624.000000 624.000000 3546.000000 452.000000 3488.000000 391.000000 3431.000000 321.000000 3340.000000 200.000000 3261.000000 109.000000 3214.000000 85.000000 3123.000000 69.000000 3092.000000 78.000000 3038.000000 152.000000 2929.000000 304.000000 2766.000000 549.000000 2623.000000 662.000000 2438.000000 909.000000 2394.000000 1014.000000 2385.000000 1044.000000 2373.000000 1103.000000 2362.000000 1188.000000 2347.000000 1269.000000 2347.000000 1297.000000 2355.000000 1338.000000 
			}
		}
		outgoing=
		{
			name="zanzibar"
			path=
			{
				2537 2532 2533
			}
			control=
			{
				3820.000000 812.000000 3641.000000 858.000000 3610.000000 809.000000 3585.000000 762.000000 3543.000000 696.000000 3485.000000 650.000000 3445.000000 588.000000 
			}
		}
		members=
		{
			2701 
		}
	}
congo=
	{
		location=2549
		outgoing=
		{
			name="brazil"
			path=
			{
				2671 2672 2684 2682 2617
			}
			control=
			{
				2779.000000 505.000000 2586.000000 521.000000 2434.000000 562.000000 
			}
		}
		outgoing=
		{
			name="zanzibar"
			path=
			{
				1846 1867
			}
			control=
			{
				2993.000000 550.000000 3016.000000 558.000000 3027.000000 571.000000 3037.000000 573.000000 3055.000000 589.000000 3060.000000 599.000000 3072.000000 600.000000 3078.000000 598.000000 3100.000000 592.000000 3123.000000 581.000000 3130.000000 584.000000 3151.000000 586.000000 3166.000000 576.000000 3170.000000 567.000000 3202.000000 548.000000 3227.000000 543.000000 3239.000000 536.000000 3247.000000 526.000000 3254.000000 521.000000 3256.000000 511.000000 3252.000000 501.000000 3253.000000 482.000000 3250.000000 462.000000 3264.000000 452.000000 3286.000000 470.000000 3308.000000 485.000000 3343.000000 476.000000 3359.000000 466.000000 3389.000000 463.000000 3400.000000 470.000000 3409.000000 469.000000 3430.000000 477.000000 3441.000000 495.000000 
			}
		}
		members=
		{
			1829 1830 1831 1832 1833 1834 1835 1836 1837 1838 1839 1840 1841 1842 1843 1844 1845 1846 1847 1848 1849 1850 1851 1852 1853 1854 2549 2899 2901 
		}
	}
zanzibar=
	{
		location=2534
		color= { 179 128 104 }
		outgoing=
		{
			name="cape_of_good_hope"
			path=
			{
				2544 2546
			}
			control=
			{
				3461.000000 492.000000 3430.000000 335.000000 3340.000000 200.000000 3261.000000 109.000000 3214.000000 85.000000 3123.000000 69.000000 
			}
		}
		outgoing=
		{
			name="nile_river"
			path=
			{
				1862 1693 1631
			}
			control=
			{
				3432.909912 580.840027 3434.000000 608.000000 3423.000000 645.000000 3402.000000 647.000000 3393.000000 636.000000 3369.000000 655.000000 3362.000000 640.000000 3353.000000 631.000000 3351.000000 625.000000 3326.000000 630.000000 3324.000000 653.000000 3318.000000 671.000000 3308.000000 677.000000 3311.000000 682.000000 3303.000000 686.000000 3294.000000 684.000000 3297.000000 688.000000 3296.000000 696.000000 3299.000000 704.000000 3305.000000 708.000000 3298.000000 720.000000 3302.000000 740.000000 3294.000000 757.000000 3285.000000 766.000000 3280.000000 786.000000 3280.000000 800.000000 3290.000000 801.000000 3297.000000 799.000000 3301.000000 805.000000 3307.000000 809.000000 3310.000000 815.000000 3307.000000 820.000000 3310.000000 825.000000 3316.000000 830.000000 3317.000000 845.000000 3317.000000 862.000000 3311.000000 877.000000 3309.000000 888.000000 3313.000000 896.000000 3315.000000 911.000000 3320.000000 917.000000 3331.000000 921.000000 3333.000000 930.000000 3336.000000 942.000000 3332.000000 950.000000 3324.000000 965.000000 3314.000000 957.000000 3307.000000 954.000000 3305.000000 950.000000 3292.000000 942.000000 3284.000000 949.000000 3282.000000 962.000000 3279.000000 970.000000 3284.000000 976.000000 3281.000000 987.000000 3293.000000 1001.000000 3297.000000 1010.000000 3306.000000 1018.000000 3313.000000 1019.000000 3319.000000 1030.000000 3319.000000 1045.000000 3320.000000 1056.000000 3314.000000 1064.000000 3318.000000 1073.000000 3316.000000 1077.000000 3308.000000 1076.000000 3293.000000 1093.000000 3287.000000 1104.000000 3286.000000 1117.000000 3293.000000 1129.000000 3292.000000 1145.000000 
			}
		}
		members=
		{
			1855 1856 1857 1858 1859 1860 1861 1862 1863 1864 1865 1866 1867 1868 1869 1870 1871 1872 1873 1874 1875 1876 1877 1878 1879 1880 1881 1882 1883 1884 1899 1900 1901 1902 1903 1904 1905 1906 1907 1908 1909 1910 1911 1912 1913 1914 1915 1916 2534 2900 
		}
	}
cape_of_good_hope=
	{
		location=2546
		outgoing=
		{
			name="azores"
			path=
			{
				2555
			}
			control=
			{
				3043.000000 102.000000 2929.000000 304.000000 2901.000000 346.000000 2766.000000 549.000000 2623.000000 662.000000 2438.000000 909.000000 2397.000000 1004.000000 2373.000000 1103.000000 2362.000000 1188.000000 2347.000000 1269.000000 2347.000000 1297.000000 2355.000000 1338.000000 
			}
		}
		outgoing=
		{
			name="north_atlantic"
			path=
			{
				2555
			}
			control=
			{
				3038.000000 152.000000 2929.000000 304.000000 2766.000000 549.000000 2623.000000 662.000000 2530.000000 848.000000 2505.169922 936.130005 2508.000000 1104.000000 2549.000000 1178.000000 2607.000000 1246.000000 2619.000000 1308.000000 2626.000000 1371.000000 2643.000000 1457.000000 
			}
		}
		members=
		{
			1885 1886 1887 1888 1889 1890 1891 1892 1893 1894 1895 1896 1897 1898 2546 
		}
	}
basra=
	{
		location=2421
		outgoing=
		{
			name="nile_river"
			path=
			{
				1557 1612
			}
			control=
			{
				3564.000000 1141.000000 3549.000000 1158.000000 3524.000000 1161.000000 3504.000000 1170.000000 3497.000000 1192.000000 3489.000000 1201.000000 3476.000000 1206.000000 3466.000000 1218.000000 3446.000000 1221.000000 3409.000000 1220.000000 3378.000000 1195.000000 3369.000000 1193.000000 3355.000000 1189.000000 3344.000000 1164.000000 3311.000000 1147.000000 3285.000000 1143.000000 
			}
		}
		members=
		{
			1508 1509 1511 1512 1514 1515 1526 1527 1528 1529 1530 1531 1534 1536 1537 1553 1554 1555 1556 1557 1558 1559 1560 1561 1562 1563 1564 1565 1614 1615 1616 1619 1620 1621 1622 2421 2869 3953
		}
	}
peru=
	{
		location=2630
		outgoing=
		{
			name="panama"
			path=
			{
				2631 2632 2633 2634 2066
			}
			control=
			{
				1596.000000 614.000000 1548.000000 680.000000 1507.000000 798.000000 1544.000000 902.000000 1577.000000 975.000000 
			}
		}
		outgoing=
		{
			name="brazil"
			path=
			{
				2629 2628 2627 2626 2625 2681 2624 2623 2622 2621 2620 2619 2618 2617
			}
			control=
			{
				1666.000000 495.000000 1676.000000 340.000000 1653.000000 103.000000 1756.000000 13.000000 1828.000000 79.000000 1895.000000 217.000000 2167.000000 493.000000 2234.000000 667.000000 
			}
		}
		members=
		{
			1949 1952 1953 1954 1955 1956 1957 1958 1959 1960 1961 1962 1963 1964 1965 1966 1967 1968 1969 1970 1971 1972 1973 1974 1975 1976 1977 1978 1979 1980 1981 1982 1983 1984 1985 1986 1987 2000 2001 2002 2003 2006 2630 
		}
	}
panama=
	{
		location=2066
		outgoing=
		{
			name="carribean_trade"
			path=
			{
				2601 2603 2602
			}
			control=
			{
				1572.000000 1066.000000 1614.000000 1140.000000 
			}
		}
		members=
		{
			1988 1989 1990 1991 1992 1993 1994 1995 1996 1997 1998 2054 2055 2057 2058 2059 2060 2061 2062 2063 2064 2065 2066 2067 2068 2069 2070 2071 2072 2073 2074 2075 2076 2077 2078 2079 2080 2081 2083 2091 
		}
	}
carribean_trade=
	{
		location=2602
		outgoing=
		{
			name="north_atlantic"
			path=
			{
				2610 2660 2658 2668 2654 2650
			}
			control=
			{
				1663.000000 1195.000000 1698.000000 1218.000000 1795.000000 1315.000000 1952.000000 1381.000000 2144.000000 1414.000000 2304.000000 1451.000000 2482.000000 1486.000000 
			}
		}
		outgoing=
		{
			name="azores"
			path=
			{
				2607 2612 2660 2658 2668 2653
			}
			control=
			{
				1701.000000 1137.000000 1752.000000 1171.000000 1835.000000 1299.000000 1929.000000 1323.000000 2050.000000 1334.000000 2182.000000 1350.000000 2273.000000 1357.000000 
			}
		}
		outgoing=
		{
			name="chesapeake_bay"
			path=
			{
				2610 2589 2588 2587 2586
			}
			control=
			{
				1653.000000 1203.000000 1638.000000 1236.000000 1615.000000 1251.000000 1606.000000 1280.000000 1607.000000 1303.000000 1580.000000 1381.000000 1589.000000 1411.000000 1617.000000 1437.000000 1634.000000 1454.000000 1640.000000 1463.000000 1645.000000 1475.000000 1651.000000 1495.000000 
			}
		}
		members=
		{
			2042 2043 2044 2045 2048 2049 2050 2051 2052 2053 2205 2308 2309 2310 2311 2312 2313 2314 2315 2316 2317 2318 2319 2320 2321 2322 2323 2324 2325 2326 2327 2328 2329 2330 2331 2332 2333 2334 2335 2602 
		}
	}
chesapeake_bay=
	{
		location=2586
		color= { 193 26 14 }
		outgoing=
		{
			name="north_atlantic"
			path=
			{
				2656 2659 2655 2651 2650
			}
			control=
			{
				2143.000000 1549.000000 2308.000000 1554.000000 2482.000000 1540.000000 
			}
		}
		outgoing=
		{
			name="azores"
			path=
			{
				2656 2659 2668 2654 2653
			}
			control=
			{
				2037.000000 1437.000000 2247.000000 1371.000000 
			}
		}
		members=
		{
			2197 2203 2204 2206 2207 2208 2209 2210 2211 2212 2213 2214 2215 2216 2218 2219 2220 2221 2222 2223 2224 2225 2226 2227 2228 2229 2230 2231 2232 2233 2234 2235 2236 2237 2238 2239 2240 2241 2242 2243 2244 2245 2246 2247 2248 2249 2250 2251 2252 2253 2254 2255 2256 2257 2258 2259 2260 2261 2262 2263 2264 2265 2266 2267 2274 2275 2276 2277 2278 2279 2280 2281 2307 2586 
		}
	}
hausalland=
	{
		location=1762
		color= { 255 140 0 }
		outgoing=
		{
			name="timbuktu"
			path=
			{
				1777 1791
			}
			control=
			{
				2920.000000 835.000000 2913.000000 842.000000 2904.000000 849.000000 2894.000000 858.000000 2880.000000 857.000000 2870.000000 847.000000 2872.000000 831.000000 2858.000000 840.000000 2844.000000 856.000000 2839.000000 864.000000 2829.000000 876.000000 2820.000000 888.000000 2810.000000 904.000000 2803.000000 914.000000 2797.000000 922.000000 2781.000000 923.000000 
			}
		}
		outgoing=
		{
			name="nile_river"
			path=
			{
				1685 1688
			}
			control=
			{
				2949.000000 875.000000 2950.000000 899.000000 2938.000000 925.000000 2946.000000 941.000000 2974.000000 949.000000 2997.000000 956.000000 3004.000000 961.000000 3003.000000 967.000000 2995.000000 984.000000 2977.000000 1022.000000 2963.000000 1051.000000 2959.000000 1067.000000 2975.000000 1067.000000 3007.000000 1071.000000 3017.000000 1076.000000 3022.000000 1078.000000 3030.000000 1080.000000 3047.000000 1101.000000 3064.000000 1119.000000 3082.000000 1119.000000 3128.000000 1119.000000 3173.000000 1118.000000 3205.000000 1119.000000 3216.000000 1136.000000 3227.000000 1154.000000 3245.000000 1157.000000 
			}
		}
		members=
		{
			1683 1684 1685 1686 1687 1688 1748 1749 1750 1751 1752 1753 1754 1755 1756 1757 1758 1759 1760 1761 1762 1763 1764 1765 1766 1767 1768 1769 1770 1771 1772 1773 1774 1775 1776 1777 1779 1780 1781 1782 2385
		}
	}
timbuktu=
	{
		location=1802
		outgoing=
		{
			name="tangiers"
			path=
			{
				1665 1664
			}
			control=
			{
				2756.000000 932.000000 2750.000000 945.000000 2753.000000 955.000000 2747.000000 965.000000 2744.000000 991.000000 2735.000000 1009.000000 2753.000000 1021.000000 2781.000000 1096.000000 2786.000000 1109.000000 2789.000000 1119.000000 2764.000000 1162.000000 2751.000000 1180.000000 2732.000000 1193.000000 2702.000000 1184.000000 2689.000000 1186.000000 2678.000000 1201.000000 2691.000000 1219.000000 
			}
		}
		outgoing=
		{
			name="brazil"
			path=
			{
				1825 2617
			}
			control=
			{
				2758.000000 917.000000 2752.000000 908.000000 2747.000000 896.000000 2744.000000 885.000000 2734.000000 878.000000 2725.000000 876.000000 2715.000000 870.000000 2708.000000 865.000000 2697.000000 862.000000 2688.000000 856.000000 2677.000000 843.000000 2669.000000 834.000000 2664.000000 832.000000 2663.000000 827.000000 2659.000000 825.000000 2654.000000 820.000000 2640.000000 814.000000 2642.000000 798.000000 2631.000000 797.000000 2629.000000 778.000000 2621.000000 773.000000 2597.000000 756.000000 2470.000000 737.000000 2366.000000 718.000000 
			}
		}
		members=
		{
			1674 1675 1676 1677 1678 1679 1680 1681 1682 1778 1783 1784 1785 1786 1787 1788 1789 1790 1791 1792 1793 1794 1795 1796 1797 1798 1799 1800 1801 1802 1803 1804 1805 1806 1807 1808 1809 1810 1811 1812 1813 1814 1815 1816 1817 1818 1819 1820 1821 1822 1823 1824 1825 1826 1827 1828 2404 2902 2903
		}
	}
brazil=
	{
		location=2617
		outgoing=
		{
			name="azores"
			path=
			{
				2670 2555 2556 2664 2653
			}
			control=
			{
				2304.000000 751.000000 2376.000000 812.000000 2405.000000 874.000000 2412.199951 914.090027 2415.000000 947.000000 2397.000000 1004.000000 2385.000000 1044.000000 2373.000000 1103.000000 2362.000000 1188.000000 2347.000000 1269.000000 2347.000000 1297.000000 2355.000000 1338.000000 
			}
		}
		outgoing=
		{
			name="north_atlantic"
			path=
			{
				2616 2663 2662 2669 2668 2654 2650
			}
			control=
			{
				2363.000000 736.000000 2459.000000 778.000000 2511.000000 845.000000 2505.000000 936.000000 2508.000000 1104.000000 2549.000000 1178.000000 2607.000000 1246.000000 2619.000000 1308.000000 2626.000000 1371.000000 2643.000000 1457.000000 
			}
		}
		members=
		{
			1999 2004 2005 2007 2008 2009 2010 2011 2012 2013 2014 2015 2016 2017 2018 2019 2020 2021 2022 2023 2024 2025 2026 2027 2028 2029 2030 2031 2032 2033 2034 2035 2036 2037 2038 2039 2040 2041 2046 2047 2056 2617 2929 
		}
	}
tangiers=
	{
		location=1662
		color= { 210 220 175 }
		outgoing=
		{
			name="sevilla"
			path=
			{
				2379 97
			}
			control=
			{
				2704.000000 1256.000000 
			}
		}
		outgoing=
		{
			name="nile_river"
			path=
			{
				2379 2380 2387 2388 2391 2399 2400 2401 1635
				
			}
			control=
			{
				2718.500000 1248.500000 2777.000000 1247.500000 2856.000000 1284.500000 2957.000000 1284.000000 2984.000000 1272.000000 3005.000000 1220.000000 3093.000000 1203.000000 3180.000000 1204.000000 3254.000000 1167.000000 
			}
		}
		outgoing=
		{
			name="lisbon"
			path=
			{
				2379 2378
			}
			control=
			{
				2682.000000 1249.000000 2659.000000 1274.000000 
			}
		}
		members=
		{
			58 1640 1641 1642 1643 1644 1645 1646 1647 1648 1649 1650 1651 1652 1653 1654 1655 1656 1657 1658 1659 1660 1661 1662 1663 1664 1665 1666 1667 1668 1669 1670 1671 1672 1673 2392
		}
	}
nile_river=
	{
		location=1635
		color= { 210 46 28 }
		outgoing=
		{
			name="constantinople"
			path=
			{
				2401 2874 2405 2406
			}
			control=
			{
				3272.000000 1172.000000 3275.000000 1197.000000 3266.000000 1216.000000 3237.000000 1244.000000 3220.000000 1265.000000 3206.000000 1278.000000 3207.000000 1317.000000 3216.000000 1324.000000 3224.000000 1331.000000 3245.000000 1336.000000 
			}
		}
		outgoing=
		{
			name="napoli"
			path=
			{
				2401 2400 2399 2391
			}
			control=
			{
				3254.000000 1185.000000 3192.000000 1206.000000 3060.000000 1220.000000 3016.000000 1247.000000 2995.000000 1274.000000 
			}
		}
		members=
		{
			577 617 618 628 629 1604 1605 1606 1607 1608 1609 1610 1611 1612 1613 1617 1618 1623 1624 1625 1626 1627 1628 1629 1630 1631 1632 1633 1634 1635 1636 1637 1638 1639 1689 1690 1691 1692 1693 1694 1695 1696 1697 1698 1701 1740 1741 1742 1743 1744 1745 1746 1747 2904 2905 
		}
	}
astrakhan=
	{
		location=764
		inland=yes
		outgoing=
		{
			name="novgorod"
			path=
			{
				762 758 753 750 719 717 696 688 683 684 685
			}
			control=
			{
				3548.000000 1460.000000 3521.000000 1487.000000 3500.000000 1495.000000 3528.000000 1554.000000 3562.000000 1576.000000 3572.000000 1595.000000 3560.000000 1610.000000 3574.000000 1631.000000 3530.000000 1651.000000 3500.000000 1643.000000 3473.000000 1673.000000 3449.000000 1677.000000 3443.000000 1683.000000 3425.000000 1674.000000 3396.000000 1707.000000 3309.000000 1739.000000 3287.000000 1730.000000 
			}
		}
		outgoing=
		{
			name="kiev"
			path=
			{
				761 642 643 644 650 653 659
			}
			control=
			{
				3525.000000 1437.000000 3493.000000 1438.000000 3488.000000 1446.000000 3492.000000 1454.000000 3484.000000 1461.000000 3469.000000 1463.000000 3453.000000 1459.000000 3447.000000 1462.000000 3442.000000 1464.000000 3438.000000 1469.000000 3444.000000 1473.000000 3441.000000 1482.000000 3429.000000 1485.000000 3418.000000 1490.000000 3413.000000 1488.000000 3407.000000 1490.000000 3402.000000 1493.000000 3398.000000 1492.000000 3391.000000 1496.000000 3381.000000 1494.000000 3375.000000 1489.000000 3364.000000 1494.000000 3357.000000 1486.000000 3339.000000 1493.000000 3328.000000 1498.000000 3318.000000 1501.000000 3313.000000 1504.000000 3308.000000 1508.000000 3303.000000 1510.000000 3293.000000 1526.000000 
			}
		}
		outgoing=
		{
			name="chaldia"
			path=
			{
				765 768 1542 1543 1546 638
			}
			control=
			{
				3553.000000 1427.000000 3550.000000 1397.000000 3536.000000 1396.000000 3528.000000 1387.000000 3515.000000 1385.000000 3506.000000 1390.000000 3489.000000 1389.000000 3471.000000 1400.000000 3434.000000 1406.000000 3422.000000 1396.000000 3438.000000 1384.000000 3446.000000 1381.000000 3457.000000 1371.000000 3461.000000 1361.000000 3454.000000 1349.000000 
			}
		}
		members=
		{
			739 740 742 743 744 745 746 747 748 749 750 751 752 753 754 755 756 757 758 759 760 761 762 763 764 765 766 767 768 769 770 771 774 775 776 777 784 785 786 788 789 790 791 792 793 794 795 796 797 798 799 800 801 802 803 804 805 806 807 808 809 810 811 812 813 814 826 827 829 830 831 832 834 835 836 837 838 839 840 841 842 843 844 845 846 847 848 849 850 851 852 853 872 873 874 875 876 877 882 906 907 908 909 910 911 912 913 914 2920
		}
	}
chaldia=
	{
		location=638
		color= { 40 164 157 }
		outgoing=
		{
			name="constantinople"
			path=
			{
				2410 2407
			}
			control=
			{
				3407.000000 1358.000000 3337.000000 1373.000000 3284.000000 1359.000000 3264.000000 1350.000000 3256.000000 1338.000000 
			}
		}
		outgoing=
		{
			name="kiev"
			path=
			{
				2410 2408 651 653 659
			}
			control=
			{
				3408.000000 1369.000000 3355.000000 1397.000000 3310.000000 1410.000000 3299.000000 1440.000000 3334.000000 1457.000000 3339.000000 1466.000000 3358.000000 1467.000000 3358.000000 1477.000000 3357.000000 1485.000000 3339.000000 1493.000000 3328.000000 1498.000000 3318.000000 1501.000000 3313.000000 1504.000000 3308.000000 1508.000000 3303.000000 1510.000000 3293.000000 1526.000000 
			}
		}
		members=
		{
			624 625 630 631 632 633 634 635 636 637 638 639 640 641 642 643 644 645 646 647 772 773 1539 1540 1541 1542 1543 1544 1545 1546 1547 1548 1549 1550 1551 1552
		}
	}
constantinople=
	{
		location=588
		color= { 149 45 102 }
		outgoing=
		{
			name="napoli"
			path=
			{
				2406 2405 2398 2393 2391
			}
			control=
			{
				3240.000000 1340.000000 3225.000000 1333.000000 3220.000000 1329.000000 3216.000000 1325.000000 3207.000000 1321.000000 3199.000000 1286.000000 3173.000000 1254.000000 3142.000000 1251.000000 3067.000000 1252.000000 2999.000000 1272.000000 
			}
		}
		outgoing=
		{
			name="genua"
			path=
			{
				2406 2405 2398 2393
			}
			control=
			{
				3240.000000 1340.000000 3225.000000 1333.000000 3220.000000 1329.000000 3216.000000 1325.000000 3207.000000 1321.000000 3199.000000 1286.000000 3173.000000 1254.000000 3142.000000 1251.000000 3067.000000 1252.000000 2999.000000 1272.000000 2994.000000 1289.000000 2980.000000 1306.000000 2960.000000 1359.000000 2958.000000 1395.000000 
			}
		}
		outgoing=
		{
			name="venice"
			path=
			{
				2406 2405 2398 2397 2396 2395
			}
			control=
			{
				3240.000000 1340.000000 3225.000000 1333.000000 3220.000000 1329.000000 3216.000000 1325.000000 3207.000000 1321.000000 3199.000000 1286.000000 3171.000000 1253.000000 3141.000000 1257.000000 3127.000000 1278.000000 3107.000000 1311.000000 3103.000000 1339.000000 3069.000000 1370.000000 3036.000000 1390.000000 
			}
		}
		members=
		{
			500 503 504 505 506 534 538 539 540 541 542 543 546 547 548 549 550 551 552 553 554 555 556 557 558 559 560 561 562 563 564 565 566 567 568 569 570 571 572 573 574 575 576 578 579 580 581 582 583 584 585 586 587 588 589 590 591 592 593 594 595 596 597 598 599 600 601 602 603 604 605 606 607 608 609 610 611 612 613 614 615 616 619 620 621 622 623 626 627 2406 3969
		}
	}
kiev=
	{
		location=659
		color= { 246 121 127 }
		inland=yes
		outgoing=
		{
			name="novgorod"
			path=
			{
				658 669 675 676 677 687 688 686 685
			}
			control=
			{
				3291.000000 1534.000000 3289.000000 1540.000000 3292.000000 1543.000000 3293.000000 1547.000000 3296.000000 1550.000000 3292.000000 1555.000000 3293.000000 1560.000000 3286.000000 1567.000000 3282.000000 1578.000000 3286.000000 1585.000000 3284.000000 1590.000000 3285.000000 1596.000000 3282.000000 1600.000000 3287.000000 1608.000000 3277.000000 1626.000000 3283.000000 1641.000000 3279.000000 1647.000000 3282.000000 1650.000000 3286.000000 1664.000000 3295.000000 1674.000000 3297.000000 1680.000000 3300.000000 1690.000000 3296.000000 1694.000000 3295.000000 1702.000000 3299.000000 1712.000000 
			}
		}
		outgoing=
		{
			name="danzig"
			path=
			{
				668 670 671 462 461 463 459 369 367
			}
			control=
			{
				3269.000000 1559.000000 3244.000000 1560.000000 3232.000000 1562.000000 3222.000000 1562.000000 3203.000000 1566.000000 3196.000000 1564.000000 3189.000000 1569.000000 3181.000000 1569.000000 3178.000000 1574.000000 3165.000000 1573.000000 3165.000000 1578.000000 3157.000000 1578.000000 3152.000000 1576.000000 3147.000000 1578.000000 3141.000000 1573.000000 3137.000000 1571.000000 3135.000000 1565.000000 3130.000000 1565.000000 3120.000000 1562.000000 3107.000000 1567.000000 3101.000000 1574.000000 3091.000000 1584.000000 3098.000000 1592.000000 
			}
		}
		members=
		{
			469 496 497 498 499 501 502 648 649 650 651 652 653 654 655 656 657 658 659 660 661 662 663 664 665 666 667 668 669 670 671 672 673 674 675 676 691 692 
		}
	}
novgorod=
	{
		location=685
		color= { 97 126 37 }
		outgoing=
		{
			name="baltic_sea"
			path=
			{
				2340 2870 
			}
			control=
			{
				3262.000000 1737.000000 3194.000000 1730.000000 3156.000000 1720.000000 
			}
		}
		members=
		{
			430 431 677 678 679 680 681 682 683 684 685 686 687 688 689 690 693 694 695 696 697 698 699 700 701 702 703 704 705 706 707 708 709 710 711 712 713 714 715 716 717 718 719 720 721 722 723 724 725 726 727 728 729 730 731 732 733 734 735 736 737 738 741 778 779 780 781 782 783 787
		}
	}
azores=
	{
		location=2653
		outgoing=
		{
			name="sevilla"
			path=
			{
				2652 2558 2379 97 96
			}
			control=
			{
				2529.719971 1263.550049 2618.000000 1236.000000 2671.000000 1240.000000 2700.000000 1256.000000 
			}
		}
		outgoing=
		{
			name="lisbon"
			path=
			{
				2652 2378
			}
			control=
			{
				2511.000000 1319.000000 2611.000000 1308.000000 
			}
		}
		members=
		{
			2653 
		}
	}
north_atlantic=
	{
		location=2374
		outgoing=
		{
			name="london"
			path=
			{
				2360 2358 2357 2356
			}
			control=
			{
				2665.000000 1515.000000 2721.000000 1513.000000 2763.000000 1521.000000 2796.000000 1526.000000 2812.000000 1531.000000 2824.000000 1536.000000 2829.000000 1545.000000 
			}
		}
		outgoing=
		{
			name="north_sea"
			path=
			{
				2373 2372 2369 2696 2368 2875
			}
			control=
			{
				2625.000000 1623.000000 2700.000000 1702.000000 2750.000000 1719.000000 2794.000000 1692.000000 
			}
		}
		outgoing=
		{
			name="paris"
			path=
			{
				2360 2358 2357 170
			}
			control=
			{
				2663.000000 1485.000000 2718.000000 1477.000000 2745.000000 1463.000000 2782.000000 1463.000000 2798.000000 1465.000000 2809.000000 1461.000000 2815.000000 1464.000000 2823.000000 1465.000000 2834.000000 1474.000000 
			}
		}
		members=
		{
			2360 2361 2371 2373 2374 
		}
	}
north_sea=
	{
		location=2875
		color= { 117 165 188 }
		outgoing=
		{
			name="london"
			path=
			{
				2356 
			}
			control=
			{
				2835.000000 1593.000000 2840.000000 1563.000000 2835.000000 1548.000000 
			}
		}
		outgoing=
		{
			name="lubeck"
			path=
			{
				2352 2353 2345 2344
			}
			control=
			{
				2882.000000 1665.000000 2955.000000 1690.500000 2981.000000 1676.000000 2995.000000 1653.000000 3004.000000 1644.000000 3005.000000 1631.000000 3004.000000 1618.000000 2999.000000 1613.000000 2984.000000 1605.000000 
			}
		}
		members=
		{
			3 4 5 6 7 8 9 10 11 12 13 14 15 16 17 18 19 20 21 22 23 46 47 48 49 50 51 52 53 54 55 420 422 423 424 425 2875 3979 3980 3981 3982
		}
	}
napoli=
	{
		location=212
		color= { 2 143 71 }
		outgoing=
		{
			name="genua"
			path=
			{
				2389 2384
			}
			control=
			{
				2980.000000 1306.000000 2960.000000 1359.000000 2958.000000 1395.000000 
			}
		}
		outgoing=
		{
			name="venice"
			path=
			{
				2390 2393 2397 2396 2395 2394
			}
			control=
			{
				3011.000000 1295.000000 3046.000000 1292.000000 3048.000000 1283.000000 3059.000000 1283.000000 3100.000000 1318.000000 3093.000000 1346.000000 3034.000000 1386.000000 3009.000000 1420.000000 
			}
		}
		members=
		{
			205 207 208 209 210 211 212 213 214 215 216 217 218 219 220 221 222 223 224 225 226
		}
	}
venice=
	{
		location=269
		color= { 54 167 156 }
		outgoing=
		{
			name="wien"
			path=
			{
				270 271 530 528 298
			}
			control=
			{
				2993.000000 1436.000000 3001.000000 1439.000000 3033.000000 1443.000000 3054.000000 1450.000000 3062.000000 1469.000000 
			}
		}
		members=
		{
			231 232 233 234 235 245 248 249 250 251 267 268 269 270 271 272 273 274 289 292 530 531 532 533 535 536 537 
		}
	}
wien=
	{
		location=298
		color= { 220 220 220 }
		outgoing=
		{
			name="lubeck"
			path=
			{
				299 487 486 485 323 350 349 355 356 374 380 381
			}
			control=
			{
				3065.000000 1479.000000 3071.000000 1481.000000 3069.000000 1486.000000 3068.000000 1493.000000 3033.000000 1502.000000 3027.000000 1510.000000 3031.000000 1515.000000 3029.000000 1520.000000 3031.000000 1524.000000 3025.000000 1528.000000 3027.000000 1532.000000 3024.000000 1535.000000 3018.000000 1536.000000 3012.000000 1542.000000 3005.000000 1551.000000 2997.000000 1552.000000 2989.000000 1558.000000 2992.000000 1566.000000 2993.000000 1574.000000 2976.000000 1584.000000 
			}
		}
		outgoing=
		{
			name="frankfurt"
			path=
			{
				299 300 306 304 320 328 331
			}
			control=
			{
				3059.000000 1485.000000 3050.000000 1486.000000 3043.000000 1483.000000 3021.000000 1487.000000 3008.000000 1497.000000 2993.000000 1501.000000 2985.000000 1516.000000 2975.000000 1515.000000 2966.000000 1514.000000 2963.000000 1509.000000 2957.000000 1516.000000 2955.000000 1511.000000 2948.000000 1511.000000 
			}
		}
		members=
		{
			291 293 294 295 296 297 298 299 300 301 306 307 482 483 484 485 486 487 488 489 490 491 492 493 494 495 507 508 509 510 511 512 513 514 515 516 517 518 519 520 521 522 523 524 525 526 527 528 529 544 545 3971
		}
	}
danzig=
	{
		location=367
		color= { 102 105 104 }
		outgoing=
		{
			name="lubeck"
			path=
			{
				2871 2343 2344
			}
			control=
			{
				3097.000000 1626.000000 3035.000000 1613.000000 3014.000000 1618.000000 2993.000000 1609.000000 
			}
		}
		outgoing=
		{
			name="baltic_sea"
			path=
			{
				2871 2870
			}
			control=
			{
				3123.000000 1637.000000 3131.000000 1693.000000 
			}
		}
		members=
		{
			364 365 366 367 368 369 441 442 444 445 446 447 448 449 450 451 452 453 454 455 456 457 458 459 460 461 462 463 464 465 466 467 468 470 471 472 473 474 475 476 477 478 479 480 481 
		}
	}
baltic_sea=
	{
		location=2870
		color= { 8 82 165 }
		outgoing=
		{
			name="lubeck"
			path=
			{
				2341 2343 2344
			}
			control=
			{
				3089.000000 1696.000000 3072.000000 1648.000000 3044.000000 1636.000000 3015.000000 1620.000000 2984.000000 1605.000000 
			}
		}
		members=
		{
			395 396 397 398 399 402 403 404 405 406 407 408 409 410 411 412 413 414 415 416 426 427 428 429 432 433 434 435 436 437 438 439 440 443 2870 
		}
	}
lisbon=
	{
		location=63
		color= { 57 160 101 }
		outgoing=
		{
			name="paris"
			path=
			{
				2377 2376 2364 2362
			}
			control=
			{
				2656.000000 1356.000000 2666.000000 1398.000000 2736.000000 1400.000000 2759.000000 1455.000000 2782.000000 1463.000000 2798.000000 1465.000000 2809.000000 1461.000000 2815.000000 1464.000000 2823.000000 1465.000000 2834.000000 1474.000000 
			}
		}
		members=
		{
			56 57 59 60 61 62 63 64 65 66 67 68 69 
		}
	}
genua=
	{
		location=253
		color= { 166 68 72 }
		outgoing=
		{
			name="paris"
			path=
			{
				260 257 137 139 149 151 172 171 170
			}
			control=
			{
				2928.000000 1392.000000 2899.000000 1380.000000 2883.000000 1385.000000 2881.000000 1396.000000 2881.000000 1408.000000 2883.000000 1418.000000 2881.000000 1424.000000 2882.000000 1436.000000 2884.000000 1446.000000 2884.000000 1452.000000 2885.000000 1462.000000 2882.000000 1474.000000 2877.000000 1481.000000 2871.000000 1482.000000 2864.000000 1487.000000 2853.000000 1484.000000 
			}
		}
		outgoing=
		{
			name="sevilla"
			path=
			{
				2381 2380 2379 97 96
			}
			control=
			{
				2941.000000 1384.000000 2878.000000 1351.000000 2834.000000 1325.000000 2816.000000 1299.000000 2792.000000 1274.000000 2772.000000 1260.000000 2715.000000 1249.000000 2704.000000 1256.000000 
			}
		}
		members=
		{
			102 103 104 105 106 107 108 109 110 111 112 113 121 122 128 130 131 132 133 135 204 206 227 228 229 230 236 237 238 239 240 241 242 243 244 246 247 252 253 254 255 256 257 258 259 260 261 262 263 264 265 266 282 
		}
	}
sevilla=
	{
		location=96
		color= { 231 181 12 }
		outgoing=
		{
			name="paris"
			path=
			{
				97 2379 2378 2377 2376 2364 2362
			}
			control=
			{
				2682.000000 1265.000000 2659.000000 1274.000000 2656.000000 1356.000000 2666.000000 1398.000000 2736.000000 1400.000000 2759.000000 1455.000000 2782.000000 1463.000000 2798.000000 1465.000000 2809.000000 1461.000000 2815.000000 1464.000000 2823.000000 1465.000000 2834.000000 1474.000000 
			}
		}
		members=
		{
			70 71 72 73 74 75 76 77 78 79 80 81 82 83 84 85 86 87 88 89 90 91 92 93 94 95 96 97 98 99 100 101 114 
		}
	}
paris=
	{
		location=170
		color= { 20 50 210 }
		outgoing=
		{
			name="london"
			path=
			{
				2361 2360 2358 2357 2356
			}
			control=
			{
				2837.000000 1497.000000 2826.000000 1499.000000 2819.000000 1506.000000 2804.000000 1509.000000 2824.000000 1536.000000 2829.000000 1545.000000 
			}
		}
		members=
		{
			115 116 117 118 119 120 123 124 125 126 127 129 134 136 137 138 139 140 141 142 143 144 145 146 147 148 149 150 151 152 153 154 155 156 157 158 159 160 161 162 163 164 165 166 167 168 169 170 171 172 173 174 175 176 177 178 196 198 199 275 276 277 
		}
	}
frankfurt=
	{
		location=331
		color= { 243 201 33 }
		outgoing=
		{
			name="london"
			path=
			{
				335 337 183 184 185
				
			}
			control=
			{
				2927.000000 1519.000000 2924.000000 1524.000000 2919.000000 1528.000000 2913.000000 1539.000000 2910.000000 1543.000000 2909.000000 1550.000000 2904.000000 1553.000000 2899.000000 1559.000000 2886.000000 1559.000000 2882.000000 1557.000000 2862.000000 1556.000000 2835.000000 1548.000000 
			}
		}
		outgoing=
		{
			name="lubeck"
			path=
			{
				332 347 346 345 375 374 380 381
			}
			control=
			{
				2956.000000 1524.000000 2956.000000 1530.000000 2958.000000 1534.000000 2954.000000 1539.000000 2956.000000 1546.000000 2951.000000 1558.000000 2945.000000 1563.000000 2951.000000 1575.000000 2958.000000 1590.000000 
			}
		}
		members=
		{
			179 180 189 278 279 280 281 283 284 285 286 287 288 290 302 303 304 305 308 309 310 311 312 313 314 315 316 317 318 319 320 321 322 324 325 326 327 328 329 330 331 332 333 334 335 336 337 339 347 348 3972 3973 3974 3975 3976 3977
		}
	}
lubeck=
	{
		location=381
		color= { 25 25 195 }
		members=
		{
			323 338 340 341 342 343 344 345 346 349 350 351 352 353 354 355 356 357 358 359 360 361 362 363 370 371 372 373 374 375 376 377 378 379 380 381 382 383 384 385 386 387 388 389 390 391 392 393 394 400 401 417 418 419 421 3978
		}
		end=yes
	}
london=
	{
		location=34
		color= { 193 26 14 }
		members=
		{
			24 25 26 27 28 29 30 31 32 33 34 35 36 37 38 39 40 41 42 43 44 45 181 182 183 184 185 186 187 188 190 191 192 193 194 195 197 200 201 202 203 2355 2356 
		}
		end=yes
	}
